0 1972 black 3.1335479522370178 1.6217098203875286
0 1973 black 3.7072651308005793 0.8210121222630388
0 1978 black 4.646218520138916 0.6676917212892227
0 1982 black 4.806665954241331 0.42305661598129546
0 1983 black 5.690124733626422 0.4761361217457109
0 1985 black 6.186185180129972 0.3847262553807996
0 1987 black 6.423445007911468 0.4039288806984038
0 1989 black 6.52812425046602 0.41209541570167946
0 1994 black 8.373898354315369 0.3274578249624489
0 1996 black 9.09274136334484 0.2824667394549974
0 1998 black 6.6392134430980025 0.2920494393011327
0 2000 black 11.738661396237413 0.46645010502933276
0 2002 black 9.134214385121018 0.3339699960008823
0 2004 black 14.24158988853695 0.5341376092744948
0 2006 black 11.410326168569823 0.2780628532471471
0 2008 black 7.659466374875925 0.4406675528148111
0 2010 black 6.7344789856051275 0.31857263383115697
0 2014 black 7.612144795080356 0.3378253666392508
0 2016 black 8.95214622960625 0.45057880863327954
0 2018 black 9.009253840917136 0.4075995015604384
0 2021 black 5.666970451277626 0.38400634946836254
0 2022 black 7.360933734453615 0.41788491603345795
