0 1972 1.1720224925426885 0.9405195821939415
0 1973 5.0505257288214045 0.9138357951560362
0 1974 3.34340573135749 0.9956523586735807
0 1975 4.237007927212802 0.5443478139248933
0 1976 4.887434486546238 0.7878334830430451
0 1977 5.199827199772929 0.717003124461734
0 1978 3.6218908736011812 0.3607060113651585
0 1980 2.287493712363095 0.23037420322443122
0 1982 4.449862102225521 0.5520288373208961
0 1983 4.499089228779638 0.303009579200952
0 1984 4.8196048741914765 0.37339275931071386
0 1985 4.955574486702958 0.3029579256217317
0 1986 4.2388028062189145 0.2993353967057151
0 1987 5.664799898322747 0.4332947753273644
0 1988 6.291333036808005 0.30981889238068056
0 1989 6.2476486244951674 0.37471246119077806
0 1990 6.4784541342846405 0.2999360974863028
0 1991 7.565588910884198 0.4374175997547426
0 1993 5.0149107153451675 0.2776105070507066
0 1994 7.6128234352010615 0.3184118523651169
0 1996 10.25279457256872 0.4693452450913009
0 1998 7.615770322461661 0.31284161639122926
0 2000 7.483076152530283 0.3189919611900759
0 2002 6.804337653804112 0.3454172788661709
0 2004 10.516164686242018 0.4697204711363504
0 2006 9.144347249097965 0.3870105962006256
0 2008 8.137941160479485 0.47166496705135286
0 2010 7.407728452202139 0.3166375917464968
0 2012 8.191308769525182 0.4447758040903682
0 2014 8.79736505051571 0.47476648704217145
0 2016 7.278171915510643 0.32549252360700026
0 2018 8.494087317201181 0.2545691584098456
0 2021  4.233379889170065 0.3482561126570038
0 2022  6.121311288381177 1.0113726481540362
