0 1972 other 0.05351728095839766 42319.553887749775
0 1973 other 8.464191044553354 4.617145555092713
0 1978 other 17.890170336705886 6.091920105547911
0 1982 other 8.247289522005811 1.2491804211283382
0 1983 other 16.266178640824084 3.2586658984438004
0 1985 other 9.019788019448201 0.8433571358948636
0 1987 other 7.816706982271151 0.702139654597209
0 1989 other 8.558560026859896 0.5702863273664739
0 1994 other 13.744589090025306 1.01567436044444
0 1996 other 12.839010244551602 0.6475915812661471
0 1998 other 7.909065314581647 0.2980146731950726
0 2000 other 14.254382466229796 0.6984705223103324
0 2002 other 11.677336759730904 0.4908472007194542
0 2004 other 14.191627168523755 0.695757611068259
0 2006 other 11.498097640908647 0.36985085495619247
0 2008 other 7.714165718684884 0.43845837480943445
0 2010 other 7.744436059358948 0.3929218743903666
0 2014 other 6.3368693365116116 0.2785197274558618
0 2016 other 8.229458547209337 0.4809074728931937
0 2018 other 9.445655484911914 0.3913261002353071
0 2021 other 8.355534017761242 0.8253907631715024
0 2022 other 7.791688843519316 0.4084015306742519
