0 1972 white 1.7810760139622113 1.8635521492644105
0 1973 white 5.396309751584571 1.1276662450658999
0 1978 white 3.8904331685498734 0.4246778350092392
0 1982 white 5.131447829390652 0.4784410651613737
0 1983 white 6.004881932199802 0.42944832240703645
0 1985 white 5.237281073088815 0.3223395213072031
0 1987 white 6.275607302557527 0.3993149799211517
0 1989 white 5.112202273094858 0.2938050008773982
0 1994 white 6.88234694357863 0.3423214611305469
0 1996 white 6.393621062662825 0.3005706401630592
0 1998 white 5.987176145242702 0.2598814841042604
0 2000 white 7.788524295797205 0.34194190580979605
0 2002 white 7.658867067107744 0.3210058988064271
0 2004 white 10.01231738811969 0.5069081551646268
0 2006 white 7.7733552550490925 0.37068581583935
0 2008 white 7.651734938356286 0.4248869600808001
0 2010 white 7.542029886391035 0.4986169702088563
0 2014 white 7.013400500317048 0.2861108511434978
0 2016 white 7.811116747198639 0.3724256638252334
0 2018 white 7.412836047317837 0.3009523407786916
0 2021 white 6.068065068539638 0.3173747103813121
0 2022 white 6.057736465140833 0.2838661964265634
